194986708885891084622975761645
134364553738712548003750895123
636855768227574581375582111413
507408659392958683625532844224
251432991097539156730232995064
303996839321053524352217703099
653075679214162823839051031073
636855768227574581375582111413
136813364683165405305272821887
495472146141255276551388521115
636855768227574581375582111413
610510756700498066176118097904
251432991097539156730232995064
553772678233783215960161955873
591879629784251489938806062986
507408659392958683625532844224
636855768227574581375582111413
505418993348140270916380448334
291083895112555137002184625521
251432991097539156730232995064
507408659392958683625532844224
120033806916761405891091847336
636855768227574581375582111413
251432991097539156730232995064
507408659392958683625532844224
441275636369571362461245798916
636855768227574581375582111413
303996839321053524352217703099
134364553738712548003750895123
636855768227574581375582111413
268440318919220014138604196698
591879629784251489938806062986
303996839321053524352217703099
653075679214162823839051031073
199960854530773352321742366329
591879629784251489938806062986
13530710726762818196185027158
507408659392958683625532844224
636855768227574581375582111413
136813364683165405305272821887
495472146141255276551388521115
636855768227574581375582111413
610510756700498066176118097904
507408659392958683625532844224
441275636369571362461245798916
591879629784251489938806062986
626118660740921003199530749313
653075679214162823839051031073
553772678233783215960161955873
132344139525808270735176057178
636855768227574581375582111413
194986708885891084622975761645
610510756700498066176118097904
310818667890733231888735268880
